  -6.000000000E+00  -3.483620000E-01
  -5.920000000E+00  -2.538400000E-01
  -5.840000000E+00  -1.602570000E-01
  -5.760000000E+00  -6.370800000E-02
  -5.680000000E+00   3.109600000E-02
  -5.600000000E+00   1.237030000E-01
  -5.520000000E+00   2.122770000E-01
  -5.440000000E+00   2.959890000E-01
  -5.360000000E+00   3.738500000E-01
  -5.280000000E+00   4.443890000E-01
  -5.200000000E+00   5.061790000E-01
  -5.120000000E+00   5.595400000E-01
  -5.040000000E+00   6.091370000E-01
  -4.960000000E+00   6.638590000E-01
  -4.880000000E+00   7.296790000E-01
  -4.800000000E+00   8.087230000E-01
  -4.720000000E+00   9.006390000E-01
  -4.640000000E+00   1.000691000E+00
  -4.560000000E+00   1.103119000E+00
  -4.480000000E+00   1.205521000E+00
  -4.400000000E+00   1.304621000E+00
  -4.320000000E+00   1.393025000E+00
  -4.240000000E+00   1.472170000E+00
  -4.160000000E+00   1.538647000E+00
  -4.080000000E+00   1.589882000E+00
  -4.000000000E+00   1.627466000E+00
  -3.920000000E+00   1.647933000E+00
  -3.840000000E+00   1.653920000E+00
  -3.760000000E+00   1.642953000E+00
  -3.680000000E+00   1.618419000E+00
  -3.600000000E+00   1.577837000E+00
  -3.520000000E+00   1.526027000E+00
  -3.440000000E+00   1.459494000E+00
  -3.360000000E+00   1.384831000E+00
  -3.280000000E+00   1.294704000E+00
  -3.200000000E+00   1.200320000E+00
  -3.120000000E+00   1.084931000E+00
  -3.040000000E+00   9.610430000E-01
  -2.960000000E+00   8.248310000E-01
  -2.880000000E+00   6.670920000E-01
  -2.800000000E+00   5.080060000E-01
  -2.720000000E+00   3.353260000E-01
  -2.640000000E+00   1.792050000E-01
  -2.560000000E+00   3.825600000E-02
  -2.480000000E+00  -6.672100000E-02
  -2.400000000E+00  -1.453590000E-01
  -2.320000000E+00  -2.009880000E-01
  -2.240000000E+00  -2.464320000E-01
  -2.160000000E+00  -2.871140000E-01
  -2.080000000E+00  -3.269430000E-01
  -2.000000000E+00  -3.673680000E-01
  -1.920000000E+00  -4.091320000E-01
  -1.840000000E+00  -4.525780000E-01
  -1.760000000E+00  -4.981170000E-01
  -1.680000000E+00  -5.457210000E-01
  -1.600000000E+00  -5.954310000E-01
  -1.520000000E+00  -6.464860000E-01
  -1.440000000E+00  -6.980590000E-01
  -1.360000000E+00  -7.485690000E-01
  -1.280000000E+00  -7.964160000E-01
  -1.200000000E+00  -8.397800000E-01
  -1.120000000E+00  -8.772920000E-01
  -1.040000000E+00  -9.078640000E-01
  -9.600000000E-01  -9.314970000E-01
  -8.800000000E-01  -9.486250000E-01
  -8.000000000E-01  -9.602980000E-01
  -7.200000000E-01  -9.678330000E-01
  -6.400000000E-01  -9.724590000E-01
  -5.600000000E-01  -9.752680000E-01
  -4.800000000E-01  -9.770170000E-01
  -4.000000000E-01  -9.782250000E-01
  -3.200000000E-01  -9.791760000E-01
  -2.400000000E-01  -9.800250000E-01
  -1.600000000E-01  -9.808450000E-01
  -8.000000000E-02  -9.816740000E-01
   0.000000000E+00  -9.825370000E-01
   8.000000000E-02  -9.834580000E-01
   1.600000000E-01  -9.844640000E-01
   2.400000000E-01  -9.855860000E-01
   3.200000000E-01  -9.868650000E-01
   4.000000000E-01  -9.883470000E-01
   4.800000000E-01  -9.900900000E-01
   5.600000000E-01  -9.921650000E-01
   6.400000000E-01  -9.946600000E-01
   7.200000000E-01  -9.976820000E-01
   8.000000000E-01  -1.001362000E+00
   8.800000000E-01  -1.005864000E+00
   9.600000000E-01  -1.011388000E+00
   1.040000000E+00  -1.018177000E+00
   1.120000000E+00  -1.026529000E+00
   1.200000000E+00  -1.036797000E+00
   1.280000000E+00  -1.049409000E+00
   1.360000000E+00  -1.064856000E+00
   1.440000000E+00  -1.083712000E+00
   1.520000000E+00  -1.106622000E+00
   1.600000000E+00  -1.134303000E+00
   1.680000000E+00  -1.167545000E+00
   1.760000000E+00  -1.207180000E+00
   1.840000000E+00  -1.254152000E+00
   1.920000000E+00  -1.309373000E+00
   2.000000000E+00  -1.373966000E+00
