  -7.000000000E+00  -2.709000000E+00
  -6.900000000E+00  -2.643000000E+00
  -6.800000000E+00  -2.580000000E+00
  -6.700000000E+00  -2.517000000E+00
  -6.600000000E+00  -2.456000000E+00
  -6.500000000E+00  -2.397000000E+00
  -6.400000000E+00  -2.337000000E+00
  -6.300000000E+00  -2.277000000E+00
  -6.200000000E+00  -2.219000000E+00
  -6.100000000E+00  -2.161000000E+00
  -6.000000000E+00  -2.103000000E+00
  -5.900000000E+00  -2.046000000E+00
  -5.800000000E+00  -1.988000000E+00
  -5.700000000E+00  -1.931000000E+00
  -5.600000000E+00  -1.874000000E+00
  -5.500000000E+00  -1.816000000E+00
  -5.400000000E+00  -1.758000000E+00
  -5.300000000E+00  -1.700000000E+00
  -5.200000000E+00  -1.642000000E+00
  -5.100000000E+00  -1.582000000E+00
  -5.000000000E+00  -1.520000000E+00
  -4.900000000E+00  -1.457000000E+00
  -4.800000000E+00  -1.392000000E+00
  -4.700000000E+00  -1.321000000E+00
  -4.600000000E+00  -1.246000000E+00
  -4.500000000E+00  -1.170000000E+00
  -4.400000000E+00  -1.098000000E+00
  -4.300000000E+00  -1.029000000E+00
  -4.200000000E+00  -9.610000000E-01
  -4.100000000E+00  -8.950000000E-01
  -4.000000000E+00  -8.280000000E-01
  -3.900000000E+00  -7.610000000E-01
  -3.800000000E+00  -6.940000000E-01
  -3.700000000E+00  -6.260000000E-01
  -3.600000000E+00  -5.590000000E-01
  -3.500000000E+00  -4.920000000E-01
  -3.400000000E+00  -4.250000000E-01
  -3.300000000E+00  -3.580000000E-01
  -3.200000000E+00  -2.930000000E-01
  -3.100000000E+00  -2.270000000E-01
  -3.000000000E+00  -1.640000000E-01
  -2.900000000E+00  -1.050000000E-01
  -2.800000000E+00  -5.000000000E-02
  -2.700000000E+00  -1.000000000E-03
  -2.600000000E+00   3.900000000E-02
  -2.500000000E+00   6.900000000E-02
  -2.400000000E+00   9.500000000E-02
  -2.300000000E+00   1.330000000E-01
  -2.200000000E+00   1.800000000E-01
  -2.100000000E+00   2.320000000E-01
  -2.000000000E+00   2.890000000E-01
  -1.900000000E+00   3.480000000E-01
  -1.800000000E+00   4.100000000E-01
  -1.700000000E+00   4.740000000E-01
  -1.600000000E+00   5.400000000E-01
  -1.500000000E+00   6.070000000E-01
  -1.400000000E+00   6.760000000E-01
  -1.300000000E+00   7.450000000E-01
  -1.200000000E+00   8.150000000E-01
  -1.100000000E+00   8.850000000E-01
  -1.000000000E+00   9.550000000E-01
  -9.000000000E-01   1.024000000E+00
  -8.000000000E-01   1.092000000E+00
  -7.000000000E-01   1.159000000E+00
  -6.000000000E-01   1.222000000E+00
  -5.000000000E-01   1.282000000E+00
  -4.000000000E-01   1.336000000E+00
  -3.000000000E-01   1.383000000E+00
  -2.000000000E-01   1.420000000E+00
  -1.000000000E-01   1.447000000E+00
   0.000000000E+00   1.461000000E+00
   1.000000000E-01   1.462000000E+00
   2.000000000E-01   1.450000000E+00
   3.000000000E-01   1.429000000E+00
   4.000000000E-01   1.401000000E+00
   5.000000000E-01   1.370000000E+00
   6.000000000E-01   1.338000000E+00
   7.000000000E-01   1.309000000E+00
   8.000000000E-01   1.282000000E+00
   9.000000000E-01   1.259000000E+00
   1.000000000E+00   1.240000000E+00
   1.100000000E+00   1.225000000E+00
   1.200000000E+00   1.213000000E+00
   1.300000000E+00   1.205000000E+00
   1.400000000E+00   1.198000000E+00
   1.500000000E+00   1.195000000E+00
   1.600000000E+00   1.191000000E+00
   1.700000000E+00   1.188000000E+00
   1.800000000E+00   1.188000000E+00
   1.900000000E+00   1.187000000E+00
   2.000000000E+00   1.187000000E+00
